253
248
236
216
232
259
264
254
236
221
246
244
291
255
246
223
261
274
280
257
245
227
206
260
311
299
256
220
198
169
227
237
227
185
175
198
242
261
251
270
246
245
258
272
299
280
263
217
259
209
265
252
320
274
268
231
241
269
227
222
207
274
312
420
452
421
376
300
168
120
125
121
141
146
125
65
6
26
121
248
346
417
439
449
416
318
227
184
178
188
239
231
250
243
230
208
195
216
236
280
290
298
306
302
286
254
240
257
263
263
276
268
230
207
231
232
225
220
227
246
260
253
241
234
234
231
254
248
250
245
238
226
227
222
220
219
218
230
219
222
246
247
244
235
327
293
293
308
319
281
253
252
246
268
241
254
279
293
268
246
214
211
207
213
258
230
301
286
272
247
245
217
217
206
256
252
241
258
289
221
238
257
326
362
396
325
154
14
0
0
0
127
340
448
436
369
327
308
243
325
325
305
234
301
221
250
208
225
242
295
288
256
284
245
204
177
101
205
216
196
363
495
495
283
4
5
40
453
494
494
500
495
494
333
0
0
0
0
360
493
494
243
0
0
0
493
493
494
493
494
0
0
0
0
494
493
494
493
257
245
493
493
0
0
0
493
493
493
0
0
493
494
388
0
0
188
493
493
439
63
0
190
456
452
355
141
137
199
276
273
178
184
157
250
247
248
225
274
349
353
266
139
126
208
335
400
379
315
249
249
261
264
262
264
310
335
314
242
192
185
211
260
264
281
278
289
273
255
238
228
236
234
238
232
246
268
288
290
276
262
248
244
241
247
266
294
314
284
262
259
264
261
230
213
197
209
215
230
261
271
257
228
167
92
72
100
201
349
448
483
383
235
118
122
250
379
421
294
115
3
26
151
278
338
317
287
269
282
291
290
287
290
298
297
279
244
223
208
203
200
197
205
221
229
234
233
233
243
257
260
250
225
225
248
278
293
259
210
177
174
170
136
66
30
88
229
415
493
493
422
279
196
196
246
322
352
359
302
240
245
237
244
224
220
244
271
276
293
261
454
494
493
493
277
95
2
0
0
0
0
94
344
494
493
456
199
0
0
34
212
413
493
493
493
442
325
176
87
75
172
325
433
442
313
183
95
109
147
176
160
120
135
197
306
414
461
433
322
155
103
145
260
347
364
332
265
184
139
136
203
327
342
314
285
304
220
82
74
215
372
370
209
30
145
221
481
493
493
221
0
0
258
493
389
0
0
292
493
384
0
0
386
452
293
172
303
182
296
350
248
95
174
318
493
478
493
420
422
317
420
372
319
166
184
185
150
92
130
148
64
188
221
299
261
227
283
320
219
141
139
130
189
218
281
324
303
251
306
286
315
250
196
197
237
272
284
275
218
187
197
185
222
196
237
249
272
272
303
280
218
283
276
267
257
201
63
0
0
103
244
455
493
493
493
386
235
93
61
103
158
219
266
283
279
240
214
181
194
214
268
319
374
373
310
227
127
82
99
170
277
351
386
351
307
311
309
290
220
141
134
195
248
359
378
310
253
231
163
170
135
203
248
290
335
378
369
309
166
122
202
319
268
269
226
235
225
198
228
185
107
131
288
481
493
411
237
106
67
112
175
256
246
197
252
305
323
193
245
142
367
390
443
341
194
100
181
191
238
180
183
201
265
303
277
223
263
247
279
254
263
363
409
449
348
157
14
0
0
105
287
462
493
469
303
127
96
148
224
246
239
308
434
434
335
147
0
0
73
321
493
493
493
361
224
141
147
177
182
205
340
343
430
290
266
493
493
494
475
0
1
0
20
494
457
258
305
85
0
0
1
0
169
476
494
399
261
291
292
254
252
255
317
364
365
290
203
232
250
341
342
494
394
210
0
0
103
447
494
494
265
3
81
333
316
187
134
152
379
408
383
494
63
5
88
342
286
326
494
422
72
1
1
1
495
495
495
124
1
1
178
246
374
495
366
33
1
363
495
496
167
1
25
495
394
139
1
110
495
495
494
495
495
1
1
1
1
495
495
243
1
2
1
495
458
1
1
1
495
495
495
495
2
2
1
495
495
495
302
495
495
495
114
1
1
2
495
495
495
495
1
1
1
471
495
495
495
1
1
113
495
495
495
0
0
1
495
495
495
1
1
45
495
495
413
1
1
95
495
495
495
48
1
259
495
495
495
371
216
338
495
495
487
442
420
495
495
495
407
278
181
259
386
380
349
271
219
195
270
302
275
224
210
269
234
276
270
294
253
184
299
282
317
269
283
306
494
414
341
269
175
289
1
39
35
236
391
77
356
270
296
187
1
167
78
349
347
271
315
194
262
90
262
199
299
301
269
287
259
279
220
216
200
263
281
258
273
256
288
246
227
179
249
290
276
376
495
495
494
1
1
0
402
57
0
0
103
388
433
260
79
158
236
459
495
495
348
180
95
62
56
183
395
494
493
494
494
375
191
29
62
154
225
207
290
423
462
409
218
137
108
160
248
345
340
302
209
193
237
340
251
227
98
161
252
343
308
239
195
318
334
309
201
152
265
299
361
307
265
325
160
0
0
0
494
494
494
494
0
0
0
0
494
494
494
494
206
0
42
0
0
1
0
0
494
494
494
494
472
51
0
102
91
343
138
209
390
494
494
494
494
0
0
0
274
494
494
494
278
285
232
494
494
206
0
0
0
494
494
333
0
0
307
494
494
494
494
494
494
267
1
0
0
0
494
494
494
494
494
494
0
0
0
0
0
155
494
494
494
150
0
0
494
494
494
494
0
0
0
323
494
494
493
494
356
167
65
113
81
0
0
241
494
494
494
494
494
494
494
326
0
0
0
0
0
339
494
493
494
494
494
242
0
0
0
0
0
0
494
494
494
494
494
494
0
0
0
0
0
494
493
494
494
494
35
0
0
0
0
0
494
494
494
494
494
0
0
122
494
494
494
494
494
493
204
75
218
450
494
494
415
325
272
260
278
292
288
290
332
425
493
494
494
466
436
418
406
390
372
344
304
265
231
207
184
159
150
138
156
185
225
259
278
286
291
311
340
352
358
352
346
329
304
281
252
220
189
157
145
142
150
167
183
205
229
257
283
307
335
360
377
379
356
312
253
197
157
142
160
182
205
222
231
248
258
270
259
243
254
259
293
319
329
302
258
223
191
196
202
214
214
220
228
236
245
241
243
239
245
253
258
267
272
280
281
276
261
248
243
231
230
226
223
229
237
244
238
239
238
243
254
256
265
270
264
266
262
253
254
250
245
238
231
230
224
223
232
234
234
240
242
244
249
254
252
260
257
260
258
253
253
251
246
248
241
239
239
248
250
248
250
249
254
259
264
258
247
247
253
257
269
272
275
269
257
248
241
232
237
245
242
246
237
234
236
244
242
236
207
206
229
255
276
263
266
250
251
229
224
221
207
232
239
258
262
249
251
255
249
254
258
248
255
263
271
275
273
258
249
249
240
246
252
258
258
253
251
243
243
240
247
250
241
242
246
245
253
247
232
243
234
234
240
231
239
237
233
236
233
234
243
237
239
237
240
245
240
255
247
234
238
243
257
253
257
253
249
261
257
255
265
260
257
260
258
259
259
262
259
256
259
264
260
261
256
256
256
250
253
255
243
249
245
238
238
237
240
242
238
232
233
226
239
237
237
244
237
237
249
231
237
237
232
247
244
251
252
253
251
255
255
259
256
265
261
260
257
257
255
253
251
259
251
248
260
254
255
254
250
249
255
254
248
249
243
248
241
247
242
228
230
232
231
229
234
226
230
239
239
237
234
241
243
253
249
250
250
247
254
248
242
255
255
257
264
256
260
262
258
263
258
264
269
262
265
263
245
258
256
264
265
253
243
242
235
232
239
240
242
236
231
233
237
230
222
232
237
240
245
250
250
241
239
233
218
211
214
222
238
268
278
291
273
241
216
232
259
280
259
236
246
269
295
288
266
224
222
236
269
269
271
256
260
261
260
253
233
238
235
255
257
255
257
238
224
216
221
223
220
225
237
247
250
253
240
232
239
234
232
243
244
254
259
249
246
244
237
243
240
243
254
248
253
255
255
254
254
261
263
261
258
254
254
249
244
241
247
252
260
259
252
244
244
247
245
247
242
243
238
236
237
229
223
236
246
260
254
235
219
204
185
187
186
180
194
217
257
286
340
363
388
401
407
397
391
390
357
324
260
206
117
86
87
87
98
125
159
186
200
210
211
218
227
240
268
301
330
345
339
324
305
283
268
255
238
224
214
213
216
224
225
218
212
212
221
237
246
254
259
258
260
263
270
274
273
273
264
257
251
243
242
234
229
229
225
226
228
228
231
234
240
246
257
262
266
269
267
264
266
267
264
264
254
245
237
232
228
226
230
231
228
228
231
237
240
242
247
247
249
257
262
257
255
254
245
240
239
237
239
242
249
255
261
258
261
270
276
276
261
252
240
243
237
233
231
243
249
253
259
263
257
243
224
223
235
247
264
255
234
217
209
218
220
216
207
209
232
259
269
268
258
248
259
257
263
266
256
261
258
251
251
246
246
247
246
246
247
247
253
256
252
254
253
256
259
255
251
252
248
251
246
239
232
231
231
230
231
235
241
245
253
250
249
248
253
260
259
252
239
239
237
231
237
243
241
247
248
247
253
256
261
262
263
265
267
253
248
240
242
249
254
258
252
245
247
257
261
262
259
258
256
251
244
241
244
251
251
243
236
239
236
234
237
226
233
242
251
251
247
249
255
253
247
237
236
239
246
248
241
239
238
250
250
252
242
241
247
253
266
266
261
262
256
258
258
248
257
269
264
261
251
245
240
249
238
245
245
246
252
255
252
256
247
245
247
236
228
226
222
238
239
233
240
236
234
251
246
242
252
241
236
224
224
228
240
249
277
271
261
253
248
262
260
254
262
266
281
273
251
237
227
233
228
236
242
264
270
268
264
262
256
232
233
224
234
239
246
242
248
251
255
248
250
240
229
237
236
247
239
239
240
241
243
239
232
241
239
248
256
256
244
250
258
256
250
242
247
260
257
257
266
248
250
243
242
257
233
241
248
245
250
247
249
258
259
260
260
240
249
240
230
229
225
226
247
249
240
236
244
240
262
258
258
267
256
247
255
254
257
251
240
251
243
245
252
253
255
248
251
245
259
263
254
249
246
259
252
246
242
235
234
244
237
233
228
239
258
249
257
255
248
247
248
238
238
239
252
254
258
254
246
244
257
252
246
240
242
236
241
223
220
242
239
247
248
236
243
242
249
245
245
255
257
269
256
243
264
261
281
260
258
266
247
264
260
263
267
250
254
243
224
243
237
237
252
245
249
231
217
212
215
222
231
236
243
226
237
232
239
251
264
253
239
244
250
254
254
258
258
264
257
250
258
238
235
254
263
268
252
259
257
264
276
237
250
243
250
248
238
246
266
274
280
275
251
236
252
251
238
243
228
229
230
224
214
221
242
253
261
232
226
228
205
224
225
227
273
261
251
241
227
254
245
259
273
256
267
245
268
236
252
246
253
269
268
252
260
251
277
296
280
281
241
231
245
219
239
249
259
251
236
215
222
219
242
261
256
255
261
247
248
219
213
231
225
246
237
228
225
217
239
249
248
241
253
236
256
227
241
260
256
269
248
239
268
266
266
273
251
242
259
252
262
237
251
261
271
272
260
257
252
259
273
261
238
240
263
241
218
232
235
247
250
238
238
215
226
243
241
243
214
237
254
253
254
224
205
241
239
238
246
255
262
260
259
243
248
245
262
273
248
254
265
257
264
233
226
248
262
277
266
274
264
257
274
266
241
245
250
242
225
242
235
222
236
239
236
209
230
264
235
242
230
213
225
240
214
245
250
242
259
257
250
250
230
271
272
233
252
267
255
248
224
216
226
263
269
271
267
244
250
250
263
261
244
269
261
240
259
212
240
240
245
249
231
242
241
244
263
250
210
223
221
232
241
225
217
252
245
244
227
216
230
241
231
230
253
264
250
257
253
235
258
282
280
280
221
230
248
233
251
234
243
274
249
237
263
246
244
234
241
231
225
246
260
264
264
254
261
242
252
261
232
228
246
250
234
239
239
244
242
242
220
245
251
260
261
226
226
244
258
278
228
229
254
223
256
270
222
270
242
253
253
242
277
254
247
258
235
244
262
264
265
255
258
242
251
240
239
222
222
236
268
267
245
214
233
265
260
262
263
267
263
253
236
229
263
263
259
264
222
230
261
261
256
226
220
254
246
265
225
238
239
238
250
240
237
227
225
239
238
225
263
249
241
243
205
256
250
275
273
259
242
234
257
264
252
258
266
251
268
252
224
248
255
265
259
246
248
258
256
249
232
245
264
247
271
255
238
247
232
257
241
225
225
212
235
230
215
216
235
231
239
251
232
232
254
257
273
235
252
252
272
212
276
254
256
253
225
245
215
248
261
269
241
255
244
282
283
275
245
222
239
268
269
238
239
225
280
260
235
262
248
249
262
234
241
257
214
221
203
246
233
275
262
247
232
222
235
256
233
208
238
241
248
250
261
249
258
234
260
227
264
262
217
288
237
236
253
245
272
239
220
287
223
266
254
224
254
255
281
287
265
234
260
203
224
258
247
235
234
268
259
228
241
263
263
263
252
240
247
224
252
186
228
212
222
277
240
263
261
207
260
224
232
271
273
239
256
264
251
221
266
297
227
274
282
250
322
252
213
264
225
237
233
252
254
251
316
265
227
248
230
292
249
247
229
263
292
227
227
253
240
202
264
223
207
245
266
244
232
223
231
293
261
264
256
200
211
255
262
232
220
221
220
252
278
254
286
262
266
274
267
242
237
258
229
229
207
268
251
262
246
236
254
283
256
235
248
246
255
263
226
284
207
241
269
221
268
229
217
252
259
241
222
245
250
266
263
238
235
246
252
255
240
233
253
247
240
245
220
269
265
257
275
243
216
267
255
265
281
258
296
234
240
265
227
248
253
222
252
233
243
245
232
259
250
242
255
235
232
254
224
240
251
251
243
230
232
248
254
236
248
234
252
244
244
242
214
249
276
261
254
244
239
245
255
239
242
262
242
260
226
262
263
258
271
267
226
252
260
256
255
226
208
229
243
232
236
245
254
281
266
289
256
244
262
257
250
234
243
250
237
226
227
233
240
264
254
233
230
207
229
264
241
255
248
253
274
239
255
243
248
273
263
239
253
233
250
247
230
240
247
251
249
240
252
247
265
278
255
248
217
235
252
252
246
239
256
249
237
248
232
246
249
249
245
251
246
262
268
237
222
251
250
268
242
227
254
236
256
286
245
238
241
234
259
229
228
245
229
254
251
265
245
231
266
277
251
234
252
267
278
260
220
227
246
246
238
255
232
250
248
233
228
237
243
254
253
233
238
264
227
231
231
226
242
248
260
247
251
223
232
239
228
246
237
244
247
238
231
240
269
288
273
255
222
240
246
261
248
240
251
251
240
261
236
236
228
262
285
269
244
241
236
239
240
239
248
265
247
220
221
235
257
300
268
256
230
266
276
259
248
211
248
245
244
228
234
230
241
271
248
245
236
242
263
241
229
264
270
275
267
259
241
270
269
237
249
224
232
261
257
252
222
238
252
244
251
266
241
253
261
257
268
238
243
262
256
259
257
260
266
261
233
250
243
252
262
250
232
223
233
256
277
242
225
249
239
243
236
258
236
239
267
257
241
240
243
251
262
249
242
237
231
244
230
227
245
257
258
266
243
223
260
270
272
259
238
250
251
247
243
240
236
267
255
258
250
245
255
240
239
240
255
228
250
208
220
253
255
280
256
233
251
245
240
255
221
224
246
239
254
258
257
241
267
240
270
242
241
256
247
253
233
239
235
257
250
229
229
220
276
247
246
245
234
256
286
260
222
250
235
261
225
230
230
216
266
260
271
248
253
257
266
219
237
250
259
254
237
245
240
263
279
273
248
260
264
270
241
265
220
242
257
229
242
231
242
229
264
278
252
237
256
245
240
230
248
239
264
239
235
235
239
256
273
238
239
247
232
253
231
238
233
258
258
249
251
241
263
264
251
245
257
228
247
251
246
235
248
283
264
229
245
236
263
276
240
241
228
250
277
253
246
206
241
269
244
254
233
219
255
271
246
213
250
231
260
252
218
234
250
248
242
223
225
231
256
278
226
248
232
267
255
275
256
250
265
245
243
231
215
261
252
269
256
234
251
255
220
234
225
252
253
212
237
253
241
253
250
279
265
222
258
268
243
253
244
228
254
244
222
227
223
240
253
265
275
258
271
277
264
214
240
263
274
261
222
244
214
219
204
272
228
241
278
269
227
177
252
263
253
257
233
251
250
279
245
248
262
240
204
299
254
204
263
230
247
214
244
202
270
292
265
274
161
221
251
225
261
261
241
276
268
229
218
297
191
248
339
227
299
296
248
194
249
243
210
292
256
175
181
271
192
291
348
187
268
335
241
275
247
263
247
206
189
170
172
309
262
276
256
265
221
235
255
310
144
197
259
323
266
278
329
242
269
208
223
194
253
316
249
280
244
254
163
223
276
201
249
274
252
268
231
242
194
229
217
264
261
254
239
240
229
225
223
286
230
292
253
254
298
293
235
183
287
224
245
245
278
239
260
316
230
226
198
260
244
235
294
229
220
292
210
234
239
230
278
301
208
249
283
292
286
273
221
215
246
256
212
224
231
255
284
287
263
257
216
295
258
229
262
222
295
175
245
270
254
246
253
263
225
244
271
283
227
211
282
221
255
257
241
209
249
244
229
231
218
204
218
271
234
236
260
222
281
235
224
239
253
212
255
250
223
292
244
267
248
199
214
223
205
248
242
266
277
247
282
281
266
229
262
238
272
241
219
276
238
258
261
197
201
270
230
273
234
222
266
261
258
262
254
248
265
248
236
269
252
296
282
270
235
222
266
219
244
242
266
241
250
211
242
240
255
260
247
238
242
271
268
284
228
260
233
220
289
218
190
244
223
253
272
219
259
289
206
281
219
239
252
221
258
275
212
251
272
263
277
240
247
258
251
219
240
249
242
243
247
247
243
241
265
271
257
240
239
215
227
226
225
256
230
261
229
238
251
247
263
271
236
233
237
253
236
232
253
255
239
235
222
229
218
261
260
271
268
227
241
283
267
262
269
234
268
280
246
249
237
265
251
245
224
228
242
262
237
232
269
258
264
249
237
250
215
264
272
242
263
231
235
260
244
229
245
244
237
223
239
232
242
258
261
246
235
264
286
286
269
242
223
257
246
252
260
243
248
302
260
243
242
249
275
263
245
243
241
215
250
223
243
262
269
254
250
248
244
254
247
246
230
241
243
231
206
226
234
262
253
258
257
245
289
289
249
263
229
257
254
244
233
262
230
252
254
254
237
220
233
251
240
243
231
255
251
263
228
222
212
258
266
258
221
227
225
235
231
246
249
226
240
259
233
256
260
263
279
262
240
249
253
260
245
231
231
237
219
247
231
227
253
248
253
267
244
244
255
268
233
239
260
244
261
231
217
231
254
279
264
227
247
228
260
272
250
267
240
262
236
212
224
235
250
277
286
251
245
277
250
238
231
225
252
225
263
254
239
243
280
279
266
257
231
261
254
249
257
229
288
250
226
237
208
241
262
256
251
228
226
242
243
250
250
271
251
256
247
230
232
236
227
253
238
249
227
244
262
228
238
253
233
264
244
219
251
252
254
249
237
210
248
277
262
244
250
243
247
227
261
251
248
262
245
253
249
247
262
242
236
274
257
252
237
245
209
231
239
248
272
248
237
233
251
256
251
230
267
263
267
236
225
243
235
272
262
233
242
241
235
247
245
240
244
230
239
247
225
255
257
250
261
242
228
236
268
241
249
244
256
277
248
230
249
217
249
246
251
276
259
252
258
252
242
246
251
255
231
206
225
248
265
277
248
231
243
249
272
263
257
249
254
248
240
220
224
249
260
235
240
253
265
261
242
244
245
249
272
263
232
239
210
246
267
243
254
242
250
257
243
217
232
245
234
278
228
249
235
234
267
269
256
261
247
266
266
244
255
253
263
257
237
230
252
232
253
234
221
242
268
222
239
281
307
248
241
262
273
265
228
256
243
224
261
243
241
238
261
250
242
355
298
216
349
260
268
273
261
271
236
253
239
250
259
256
240
241
263
252
240
235
255
255
259
240
241
244
244
258
223
247
241
254
254
235
244
250
258
248
247
246
243
250
250
240
250
262
241
254
249
245
259
242
248
253
245
250
252
238
261
246
241
259
237
254
261
241
251
250
252
253
247
241
239
243
252
248
259
255
244
258
252
240
249
245
245
259
239
250
242
239
251
247
241
245
246
243
241
232
238
242
251
252
250
236
259
247
240
252
247
252
255
247
252
244
239
256
249
246
250
247
238
256
234
247
231
239
257
241
241
256
244
264
259
251
259
243
257
250
240
260
232
242
252
243
242
238
243
246
249
233
249
245
241
256
228
242
241
239
260
242
242
242
250
248
249
245
236
255
246
251
254
242
248
262
236
243
237
238
259
235
251
247
240
247
250
240
241
238
236
268
237
249
259
217
273
252
228
269
226
264
251
231
261
230
241
256
237
245
233
257
256
255
259
244
247
265
262
243
242
254
262
257
249
227
249
265
259
227
246
238
232
242
236
227
250
232
280
256
200
278
245
231
274
224
256
256
253
293
217
251
271
235
246
238
253
266
220
267
257
212
263
235
263
249
245
284
233
249
274
221
253
266
213
274
244
223
274
209
272
270
198
254
245
214
264
239
230
261
231
275
261
235
270
227
235
260
223
247
252
209
258
227
234
276
234
253
274
234
254
273
246
252
245
254
256
228
249
250
229
259
248
253
245
235
249
232
231
251
248
248
247
256
245
262
236
258
271
241
275
229
240
255
227
255
237
227
265
226
245
248
198
246
261
234
245
256
232
271
235
244
295
225
260
281
203
271
261
224
292
216
257
277
201
274
274
206
287
246
220
303
208
225
275
214
277
270
170
312
230
241
314
189
278
244
199
326
202
207
315
202
232
304
217
230
282
219
286
238
225
314
194
259
294
175
259
300
234
231
270
233
257
215
258
256
189
284
278
168
285
259
240
274
225
283
230
226
301
223
217
269
212
257
273
210
264
245
240
309
233
236
283
249
248
278
225
199
262
216
253
223
219
327
189
267
277
167
308
245
264
280
167
320
251
179
310
178
238
305
174
315
272
146
337
214
255
313
214
237
308
201
234
256
208
263
240
241
264
237
220
333
201
222
307
186
294
248
193
310
154
313
304
145
306
190
234
296
157
258
272
193
287
171
264
270
186
316
217
205
325
220
302
239
210
293
230
250
269
220
263
228
257
284
274
316
166
279
227
245
260
184
296
248
213
300
162
241
290
183
318
200
252
350
225
212
227
203
235
279
213
223
251
239
308
245
211
294
206
241
285
186
295
280
238
287
163
257
258
204
295
220
260
246
239
296
212
259
240
243
274
263
253
239
219
261
256
216
254
229
258
244
240
270
235
246
262
230
235
243
232
307
209
246
281
139
389
221
216
319
146
293
237
212
299
179
234
287
182
283
257
209
279
222
278
282
247
259
229
247
252
232
262
270
242
230
255
247
251
229
291
183
263
251
188
297
211
232
299
211
273
252
239
237
217
277
204
262
235
264
271
219
234
287
203
313
212
194
360
116
354
219
211
344
141
278
270
175
296
235
241
249
277
281
192
302
201
215
333
154
318
275
113
338
186
223
347
128
326
286
101
367
211
155
387
160
284
268
211
307
171
259
299
187
300
234
203
279
208
293
255
235
286
230
247
247
220
246
252
291
222
274
264
219
262
202
236
246
230
294
242
194
289
231
279
256
207
306
222
255
318
187
276
258
221
253
213
247
229
295
286
227
272
217
271
235
172
327
208
251
298
181
259
224
218
298
217
289
263
205
298
227
213
280
181
275
251
211
280
229
246
282
229
262
252
234
305
224
222
284
217
273
278
194
282
216
239
297
198
278
278
218
304
223
236
275
241
251
248
221
241
260
229
268
220
231
276
238
247
257
213
272
241
246
275
215
238
276
207
292
244
195
315
209
241
268
200
249
225
252
262
222
272
276
262
264
256
220
275
268
213
263
259
202
282
213
187
269
181
275
295
171
268
272
202
309
254
218
307
212
243
278
182
252
295
241
270
241
216
245
275
220
277
223
234
291
232
255
262
203
292
255
242
272
179
288
229
231
274
225
238
250
205
274
183
257
254
231
287
218
284
232
236
262
182
274
256
276
263
193
296
180
284
283
183
339
198
265
314
168
308
233
276
317
185
313
245
244
288
200
234
237
244
268
262
193
235
290
178
275
198
221
292
185
289
282
174
326
234
193
293
216
266
259
256
228
259
237
238
276
177
286
234
175
330
217
249
288
194
293
229
198
300
239
239
272
233
263
266
251
251
268
253
205
312
208
263
214
283
276
200
299
175
287
256
189
317
192
198
302
200
232
275
245
249
259
258
182
366
155
210
357
93
367
264
172
343
172
248
304
188
274
302
167
295
201
155
349
204
250
314
159
290
251
149
331
199
209
366
152
293
270
158
344
208
245
317
226
233
300
162
286
215
246
289
206
292
213
247
245
264
245
171
288
230
198
286
179
286
253
268
304
199
274
288
267
227
228
357
201
238
284
144
309
190
257
315
176
287
156
256
249
241
271
158
339
238
226
283
188
236
338
173
371
184
202
325
132
315
244
117
338
248
198
308
150
284
295
215
309
260
195
337
218
220
264
185
316
189
210
310
158
226
315
160
326
208
202
349
152
309
263
153
343
262
203
305
203
230
339
219
173
317
178
272
305
98
321
270
207
326
207
188
349
208
209
357
150
299
289
156
352
185
221
355
184
238
258
171
302
269
211
306
204
237
304
244
278
255
201
323
200
235
328
157
322
237
155
353
150
292
279
178
307
225
187
343
205
194
354
114
243
377
149
285
274
170
308
218
258
293
158
256
274
219
259
227
261
286
246
220
224
263
283
277
232
244
267
197
232
220
226
288
293
264
248
246
251
264
262
218
249
245
246
271
234
216
254
237
250
217
238
247
234
267
243
239
252
259
250
285
261
250
221
252
289
263
256
210
236
293
221
241
252
249
232
235
254
214
242
304
278
255
265
243
249
242
209
244
259
246
286
210
234
258
236
242
229
222
273
269
239
255
248
233
262
246
204
250
225
234
286
212
278
223
188
264
245
241
266
207
276
308
226
240
257
249
267
253
229
257
225
268
247
202
309
273
210
280
250
253
218
203
256
232
258
318
247
193
275
247
258
237
214
286
260
236
288
205
228
289
194
214
252
220
305
236
221
271
234
281
277
171
247
318
251
259
205
234
253
264
254
223
210
263
261
233
207
266
248
262
265
220
259
238
229
274
223
254
279
224
267
247
209
263
213
256
241
249
267
198
266
273
223
289
208
239
262
207
271
250
235
288
232
232
255
208
255
278
230
249
243
252
282
208
232
252
254
298
268
253
229
244
258
225
262
236
239
271
229
265
239
241
271
241
246
265
240
259
253
217
201
249
239
269
253
211
249
267
235
256
255
228
265
243
257
233
259
245
242
273
213
234
243
234
285
225
241
250
213
271
283
220
271
242
260
277
188
249
251
206
280
242
245
272
246
270
272
230
224
264
237
255
263
240
255
256
268
264
203
218
260
234
294
238
206
307
224
247
272
206
273
247
254
296
198
253
266
226
270
219
208
296
257
224
249
233
283
276
238
239
212
267
255
249
241
253
256
245
279
200
261
236
237
294
223
214
251
235
285
258
221
237
241
273
238
202
273
240
253
255
247
262
234
288
287
246
205
273
264
226
273
228
223
252
219
284
208
205
263
215
265
277
178
324
262
223
285
197
223
304
246
253
236
167
298
285
151
315
246
196
314
183
265
264
193
328
258
191
287
234
224
277
228
249
317
206
283
254
189
293
210
258
260
225
276
234
213
297
214
233
274
218
283
261
202
230
268
255
263
200
249
281
216
246
246
197
250
241
177
270
292
196
213
276
288
320
189
234
281
207
339
251
171
328
247
185
247
171
265
300
227
265
254
204
315
226
228
294
158
238
298
211
264
258
250
288
211
271
250
240
309
287
224
240
281
252
227
183
232
242
234
319
254
214
252
221
262
234
211
290
265
255
260
196
229
261
239
257
246
229
235
286
244
263
224
238
237
220
244
298
193
227
299
239
254
211
247
258
251
231
238
215
256
338
202
210
263
238
282
260
242
250
274
306
238
204
261
267
233
184
230
238
270
320
229
212
248
212
270
228
234
277
276
249
226
215
253
213
237
231
210
279
237
247
279
251
231
249
236
268
264
254
242
238
253
262
263
254
218
220
263
254
267
233
214
268
267
225
215
206
285
309
232
200
220
331
316
184
272
259
212
249
233
236
250
260
306
255
169
282
209
242
240
211
283
288
267
239
199
229
245
259
250
281
278
240
245
257
260
233
233
309
112
336
335
135
295
167
343
272
135
350
208
219
308
209
280
208
206
290
230
220
239
263
259
231
210
224
267
266
223
266
212
269
246
234
251
225
281
266
283
245
259
280
226
277
252
255
248
245
280
240
233
262
250
240
249
242
254
260
265
239
263
233
228
266
228
234
218
214
260
253
249
242
243
248
241
263
244
245
243
264
257
232
235
243
239
270
224
232
239
243
268
247
217
267
246
262
255
225
246
220
268
279
260
242
242
239
276
254
230
255
255
234
218
223
215
250
257
238
246
237
242
264
252
250
234
258
256
243
237
245
242
279
232
247
253
238
267
256
240
254
254
262
254
236
256
251
229
250
255
224
240
238
261
262
219
205
241
254
247
232
237
252
234
261
244
269
243
238
261
252
279
239
253
262
250
241
222
247
242
270
242
228
231
251
259
257
254
249
255
246
267
240
214
268
232
256
240
234
242
261
249
242
262
255
252
256
241
224
221
228
264
258
242
245
245
249
250
259
222
255
237
244
255
225
253
224
272
282
229
251
234
230
279
242
230
258
225
250
271
225
249
224
236
258
221
232
228
224
261
230
213
289
229
259
230
219
247
251
255
272
259
232
257
216
238
265
240
268
264
269
267
246
246
287
256
248
235
239
274
277
250
244
233
270
258
245
244
232
244
257
259
234
233
243
227
254
245
180
302
322
94
278
280
166
323
203
231
282
180
348
259
186
322
220
249
258
243
285
213
243
272
246
243
281
247
223
273
255
260
256
242
270
261
249
