24
225
224
233
239
242
251
260
272
275
26
210
231
221
210
226
235
208
224
217
212
220
232
221
223
228
224
225
224
233
239
242
251
260
272
275
264
263
259
263
253
248
256
249
253
247
248
249
247
242
232
231
236
239
247
246
239
235
239
234
226
232
239
233
234
245
248
251
247
254
265
271
264
264
265
262
263
261
264
260
259
249
241
247
244
236
237
243
244
256
264
258
257
251
230
246
262
244
236
248
253
266
263
247
259
276
273
248
205
190
177
155
171
207
213
183
142
141
198
274
316
299
310
370
404
396
361
346
387
406
401
359
278
196
141
106
99
106
113
132
146
163
197
233
260
281
297
299
280
267
249
239
228
213
199
186
186
207
227
259
282
306
313
299
278
253
249
259
272
300
320
307
288
279
254
237
244
247
259
255
246
223
214
222
224
212
205
200
220
231
221
211
240
263
279
259
235
227
232
232
234
233
244
246
251
247
259
231
228
240
273
297
265
238
236
249
252
264
255
245
232
233
243
264
276
275
262
247
243
233
246
192
291
391
354
344
230
229
216
230
213
215
218
219
231
252
252
234
220
235
255
270
284
273
265
274
276
266
254
238
236
243
241
239
232
230
237
238
231
227
246
257
241
226
218
212
226
230
224
233
236
236
252
265
253
248
249
241
235
237
249
272
274
276
278
279
279
284
274
273
271
251
220
206
189
179
190
204
229
228
232
250
264
297
317
299
286
280
261
250
250
235
239
261
290
305
283
256
256
270
280
254
221
217
219
227
236
226
226
240
246
256
262
262
239
203
202
231
237
244
255
258
268
238
223
245
264
277
267
263
252
255
252
250
218
256
278
247
213
201
243
291
270
219
229
280
289
238
203
217
239
237
225
223
241
278
276
266
273
275
258
238
225
230
240
248
265
275
291
293
266
238
239
250
243
233
236
236
216
216
253
269
247
240
239
246
259
268
277
273
263
257
274
274
254
240
243
236
235
236
220
217
218
225
233
244
242
238
247
256
253
256
249
240
235
237
246
251
256
270
269
261
237
217
218
231
241
246
242
256
286
278
260
263
291
281
256
234
218
219
229
241
224
210
217
216
233
245
258
272
274
259
273
278
281
295
299
296
261
232
233
249
263
260
219
182
192
197
195
210
220
204
165
141
169
249
314
276
279
346
404
403
404
406
406
406
398
367
308
239
170
102
88
86
86
90
93
96
107
140
192
242
275
291
291
284
280
285
274
249
216
184
165
172
188
210
235
273
321
355
356
336
315
301
298
304
292
268
248
244
242
230
218
219
205
201
219
230
255
274
263
243
242
241
255
266
255
247
238
227
238
251
245
230
238
244
242
242
235
225
230
230
229
234
243
250
253
258
263
259
256
265
275
262
246
248
256
265
269
263
258
253
251
262
276
290
288
266
260
267
271
267
246
237
233
225
229
231
216
216
230
234
237
246
263
269
245
209
202
224
248
251
228
214
217
231
246
255
265
277
261
235
229
253
275
267
250
236
215
206
224
241
260
270
273
278
263
247
255
260
256
238
235
233
235
249
255
230
209
217
232
247
256
261
270
261
249
275
323
335
304
255
224
218
218
219
222
222
214
202
205
233
268
289
306
307
284
258
240
219
222
245
261
260
261
262
265
273
271
269
269
251
216
208
230
236
230
211
216
262
296
292
242
208
210
224
226
228
253
278
274
256
255
257
257
275
273
258
239
236
255
262
253
250
252
242
229
222
243
257
232
197
192
219
244
228
224
242
252
252
261
264
260
276
286
291
279
262
252
236
228
246
270
269
265
274
267
260
259
245
237
227
215
217
237
249
237
219
226
245
235
219
233
251
261
250
238
227
223
213
208
240
259
262
277
280
280
284
274
169
90
200
389
407
402
375
332
271
204
163
145
137
148
176
204
212
212
223
242
247
244
247
273
308
322
315
293
264
232
218
221
237
245
241
239
242
241
245
257
277
271
251
242
235
233
250
255
245
232
236
245
247
252
266
269
262
243
234
240
238
215
204
223
244
242
215
205
219
240
249
236
247
286
315
343
394
407
415
421
396
341
267
208
156
100
68
76
97
125
146
171
208
240
271
286
282
275
260
236
215
202
200
209
214
201
199
219
256
284
314
345
367
358
339
315
285
261
256
251
243
230
228
233
237
232
224
214
221
240
252
251
240
243
253
255
256
260
256
242
233
228
232
245
248
234
211
199
209
224
241
245
237
233
229
238
247
259
262
258
265
277
289
274
252
253
273
285
273
257
253
245
241
250
253
240
234
241
253
257
262
263
255
257
256
243
236
231
222
217
221
230
239
234
226
232
250
272
289
289
269
241
222
228
247
256
253
255
251
247
239
234
238
244
257
259
252
250
250
255
257
257
264
274
273
254
233
236
250
249
246
246
240
241
249
254
245
235
234
244
249
234
219
220
211
210
218
233
255
267
272
272
265
271
275
276
266
245
233
223
217
212
210
213
223
239
258
274
272
267
267
266
272
268
260
253
248
251
257
260
261
260
261
267
258
252
248
245
246
245
233
222
225
243
255
259
249
249
246
248
250
250
247
239
239
248
251
246
244
249
261
257
243
238
242
240
242
250
266
267
244
226
229
251
270
262
249
241
238
239
246
252
251
243
241
240
238
238
242
245
249
249
246
246
255
266
270
271
264
260
246
229
231
242
250
247
238
229
228
229
234
237
242
248
253
261
263
255
245
253
262
271
277
269
264
259
257
261
260
258
268
269
267
261
253
252
253
249
246
248
241
234
231
225
215
203
190
188
200
220
233
243
248
256
260
263
261
251
249
253
261
261
258
254
247
241
241
246
246
248
248
258
261
260
273
278
275
269
267
255
243
243
253
266
266
271
289
281
253
217
204
191
178
178
188
193
200
224
267
301
308
278
231
206
229
294
366
406
403
399
369
315
259
211
162
115
87
87
102
136
167
190
207
226
237
228
214
208
216
231
245
266
276
284
279
269
262
272
285
291
299
318
330
326
299
265
243
236
237
239
232
227
234
250
260
252
246
251
253
248
240
240
243
247
246
252
266
277
274
260
240
225
220
214
222
233
245
246
250
265
270
261
251
242
242
244
240
235
238
250
256
251
248
246
255
249
243
229
227
223
237
273
266
268
275
270
274
254
245
249
256
267
258
250
243
242
241
227
223
229
238
255
257
258
241
219
217
207
221
225
239
251
266
275
270
263
261
263
255
234
222
224
226
235
244
245
245
259
286
298
294
289
291
288
272
263
261
256
250
239
216
207
202
201
200
200
199
208
225
242
239
236
251
260
259
249
222
210
237
259
272
287
297
303
296
289
277
268
267
259
253
243
229
222
203
190
200
225
247
257
254
254
240
241
250
256
266
262
258
265
270
280
277
266
267
268
270
254
240
228
224
214
202
215
226
239
253
265
259
236
240
249
255
253
242
248
267
257
234
223
238
256
277
275
269
267
260
244
238
236
236
236
229
233
244
247
254
260
263
254
238
242
240
236
249
252
248
243
244
246
259
269
276
276
259
238
226
232
246
252
248
233
225
231
240
245
246
248
258
267
259
244
235
241
246
245
241
242
248
245
243
244
251
258
265
268
269
254
240
230
221
232
235
233
232
237
245
256
259
265
264
252
247
252
254
259
260
260
260
252
256
260
253
255
260
259
261
262
256
261
261
260
252
233
229
228
235
245
244
227
210
202
217
229
233
240
242
260
278
284
290
301
289
279
266
243
228
201
185
202
195
170
167
189
218
235
229
244
257
252
220
192
229
348
405
406
404
424
417
386
338
279
215
163
130
89
78
77
111
170
229
262
273
276
265
248
230
211
200
196
201
214
228
241
249
256
271
290
309
333
346
342
320
281
256
251
247
245
244
244
238
236
241
239
230
221
225
224
225
226
231
243
251
256
255
246
242
244
245
241
235
233
241
247
248
248
239
229
222
218
221
233
242
248
247
251
260
261
256
255
257
261
257
249
247
252
255
260
264
266
267
260
262
258
259
259
255
250
249
243
242
243
243
243
244
241
241
241
242
248
249
255
253
248
245
246
241
232
226
228
238
252
261
264
256
251
251
251
253
256
250
245
243
249
247
218
244
241
247
244
242
243
256
256
250
251
249
248
252
249
246
242
243
243
245
250
259
264
257
246
254
258
245
238
229
220
225
234
235
245
261
278
288
287
282
272
266
259
253
252
248
242
233
223
222
228
237
242
248
248
244
241
236
231
234
244
251
257
259
260
257
247
246
244
247
248
248
248
251
252
248
247
242
238
240
241
242
243
244
241
238
239
245
249
253
257
258
256
248
244
248
246
246
251
250
250
249
247
247
252
252
252
251
249
250
247
249
252
251
253
254
250
245
245
244
245
251
251
247
248
250
253
254
252
250
243
244
246
249
250
248
249
243
240
239
233
226
230
228
234
239
238
241
243
241
241
246
252
260
267
272
265
263
269
269
260
254
246
239
245
248
243
245
246
244
245
243
246
254
261
262
258
257
262
264
265
262
256
253
251
247
242
236
240
248
257
261
260
261
261
255
252
260
264
260
258
247
245
240
234
240
241
236
236
237
236
229
221
217
220
230
241
259
266
273
282
281
279
273
262
257
254
252
256
255
249
235
208
186
173
164
192
228
242
261
269
260
243
208
182
213
282
339
377
400
409
411
406
386
341
286
233
186
144
115
94
101
121
142
160
183
221
264
298
316
320
310
284
256
233
223
213
193
176
170
179
200
225
253
286
314
329
338
330
318
305
303
308
303
285
264
237
231
229
227
225
222
227
238
253
261
252
242
232
229
230
233
237
240
244
245
254
256
252
249
238
228
233
234
242
245
238
235
238
244
259
267
270
278
278
274
265
258
252
253
248
249
251
247
240
234
233
239
247
253
258
254
251
259
271
272
274
275
258
238
224
220
228
243
252
244
238
233
236
245
255
260
259
254
253
245
239
243
247
253
255
247
239
237
245
256
253
255
261
261
256
253
252
243
240
243
235
238
240
249
255
254
255
257
260
268
266
261
261
254
243
243
244
250
267
285
271
251
266
270
259
247
240
239
243
246
238
242
257
267
276
273
258
246
235
228
224
221
215
197
180
179
181
196
215
248
282
310
313
304
285
270
264
256
240
229
219
236
258
263
272
282
286
300
289
273
265
254
247
241
234
231
227
227
229
225
233
246
250
255
253
243
253
261
264
255
260
251
255
258
257
256
248
245
257
251
245
236
228
229
234
238
239
239
250
252
258
256
248
247
246
239
240
236
233
239
237
234
243
253
263
271
268
265
257
244
240
236
234
237
235
243
243
240
241
245
246
260
265
265
276
278
275
277
271
263
274
261
247
234
224
232
231
234
234
226
226
233
237
239
233
222
226
234
240
246
254
269
287
289
280
270
256
252
243
240
245
244
242
240
236
229
227
229
233
235
231
230
226
238
247
248
244
247
258
273
277
282
294
299
292
278
263
257
252
243
232
231
220
218
223
226
237
242
246
269
281
277
273
258
254
249
233
224
230
214
226
250
249
254
234
259
261
252
265
278
284
293
272
269
277
262
257
238
208
193
188
149
133
147
185
211
210
240
283
316
322
262
231
214
244
314
397
404
406
407
389
372
355
322
285
232
172
115
88
87
86
89
107
127
155
192
231
275
311
330
338
331
321
310
296
268
230
200
177
161
160
170
196
229
250
271
291
297
296
281
266
263
273
281
268
249
228
219
228
236
250
259
256
255
255
251
253
252
249
256
248
243
244
242
239
243
288
285
230
207
162
133
131
155
202
275
334
357
353
328
295
273
257
242
233
225
217
214
216
219
224
230
239
252
262
271
276
273
268
261
259
255
252
247
240
229
225
231
242
252
257
264
265
265
261
258
257
254
252
243
242
246
252
260
259
256
249
250
244
235
228
233
244
256
263
258
253
249
250
255
259
257
260
258
255
251
240
238
234
229
232
236
238
247
251
261
264
263
255
252
253
252
253
253
255
250
253
262
254
253
260
251
238
243
260
272
275
269
260
238
227
222
215
233
251
273
275
258
231
204
181
179
197
210
239
269
282
287
280
261
253
251
246
248
246
259
266
264
271
264
255
240
230
221
226
227
234
259
274
292
303
304
304
286
262
246
235
221
219
215
214
217
225
232
246
253
256
255
251
259
259
255
251
242
239
233
239
248
257
261
261
250
246
248
243
240
236
240
247
254
252
254
254
257
260
257
247
233
236
232
227
234
247
246
260
265
255
250
243
228
240
237
231
237
239
241
250
253
248
258
267
277
269
258
256
262
260
277
278
283
278
265
259
252
249
227
239
253
251
249
241
248
240
237
237
246
250
237
239
237
236
245
257
242
232
224
220
226
218
214
217
215
228
246
252
272
270
269
275
268
249
258
259
266
259
242
241
239
231
235
237
237
250
254
264
263
260
259
248
257
268
257
251
253
245
241
235
216
223
231
232
240
233
228
251
254
249
244
235
237
244
261
293
343
400
278
210
137
84
114
154
226
313
378
395
372
327
214
332
145
252
221
233
256
234
263
207
238
199
218
200
218
240
252
258
261
263
248
257
246
239
249
253
263
264
262
255
256
266
262
255
248
248
242
242
242
241
255
262
248
236
216
193
172
162
164
185
198
214
249
283
284
261
266
287
333
400
404
400
390
381
357
317
261
238
249
267
240
171
102
88
87
87
94
115
159
206
243
270
297
310
315
317
304
287
282
270
250
223
204
198
207
213
207
217
247
276
285
282
279
278
283
276
261
251
237
223
220
213
212
224
242
250
256
256
265
275
286
289
281
269
261
250
246
243
246
248
246
248
244
242
234
226
222
224
226
230
232
238
238
246
252
256
260
262
258
248
239
250
255
245
230
225
225
237
259
274
283
276
264
254
247
242
242
244
240
237
236
241
238
235
230
228
242
252
253
260
261
265
271
272
272
269
272
274
275
272
268
260
248
239
239
239
234
232
234
234
238
238
235
234
245
241
240
244
240
247
254
253
251
254
256
253
244
239
234
226
220
221
227
243
258
271
274
264
245
233
235
249
274
298
307
298
273
246
238
246
252
246
259
276
262
250
250
254
265
273
265
248
216
179
165
167
173
192
213
242
272
292
297
283
262
241
231
219
222
235
254
261
270
276
270
265
257
261
261
255
252
254
254
263
272
272
270
260
251
233
223
219
219
225
229
225
223
226
235
246
239
241
252
254
258
261
260
262
272
272
266
257
248
248
240
230
230
232
239
243
246
239
240
246
237
232
231
238
240
245
254
252
245
240
242
249
254
252
257
261
261
262
268
265
267
273
267
267
258
255
254
243
234
237
228
239
262
268
257
248
241
238
240
244
250
248
258
254
248
251
242
243
255
257
251
251
250
254
255
248
250
247
245
247
238
237
235
248
262
260
271
270
270
270
261
252
251
249
239
241
234
232
239
254
259
253
255
249
253
241
232
235
230
236
237
239
236
233
235
252
257
259
264
270
275
270
265
266
272
270
257
247
244
244
252
247
236
243
247
248
256
259
247
241
252
248
252
245
231
231
244
252
259
258
259
255
252
264
275
279
274
260
255
256
249
250
252
231
239
234
233
245
246
228
236
243
237
244
240
235
229
229
235
242
248
245
255
264
259
258
267
270
260
271
276
276
268
255
264
268
269
270
264
260
252
240
236
242
248
246
239
233
247
260
273
271
255
245
250
242
227
214
212
217
225
240
240
251
254
259
268
265
254
249
262
271
250
235
251
270
284
297
289
275
257
247
241
241
250
262
256
258
265
265
274
268
283
278
258
251
228
243
215
139
95
125
200
253
270
287
312
323
297
261
279
337
413
418
354
367
414
425
368
281
257
312
355
303
157
102
103
121
108
104
138
166
203
243
279
310
329
343
339
323
300
277
250
220
204
206
203
207
222
234
232
236
246
277
291
301
308
304
303
299
282
261
245
245
249
252
249
234
227
231
255
269
269
267
268
256
259
262
262
266
254
259
255
254
251
252
251
253
256
257
254
254
259
266
258
256
278
269
264
256
243
241
241
252
240
252
266
284
283
276
277
270
274
301
301
283
257
260
274
274
268
265
269
273
263
257
251
248
260
272
268
280
269
251
246
231
241
246
242
254
266
280
284
297
288
279
281
287
289
285
278
266
255
251
257
264
270
263
257
254
259
266
266
266
271
254
238
241
241
243
253
247
239
233
233
241
243
242
250
257
257
259
249
242
237
232
240
262
273
272
277
276
282
292
305
316
321
313
311
306
281
240
224
226
228
227
218
201
184
169
164
175
196
222
250
283
310
321
317
297
273
247
228
220
216
220
235
248
250
251
256
266
269
279
283
283
282
281
276
272
267
267
260
257
259
254
246
249
249
239
249
255
260
276
269
276
261
269
262
247
244
246
238
248
259
306
313
349
277
284
290
299
285
293
295
298
293
266
264
247
235
243
226
217
223
242
275
245
244
244
245
256
286
300
274
257
297
300
269
289
291
302
302
284
297
300
281
269
279
280
276
266
262
263
261
272
296
273
288
331
266
273
266
273
273
267
267
265
268
264
266
269
278
295
325
268
281
310
306
278
255
252
239
252
261
220
235
257
268
255
226
236
274
266
265
276
225
204
242
292
299
307
316
286
268
286
270
273
267
242
260
241
235
246
295
295
295
313
284
307
326
298
301
329
365
331
270
236
231
266
302
333
303
254
224
221
267
265
272
283
246
254
243
250
258
293
330
266
231
243
247
209
243
257
268
248
229
239
268
263
269
271
269
283
275
239
297
263
239
255
233
259
276
255
245
247
268
309
283
259
251
226
258
258
274
253
262
245
250
263
254
253
232
248
289
263
277
265
249
255
262
245
258
248
250
240
227
251
268
270
302
276
218
215
226
262
291
274
256
259
257
288
273
218
213
204
206
210
208
236
260
291
325
312
313
286
256
233
219
197
214
244
213
242
275
279
283
267
241
248
266
277
272
245
249
253
259
273
273
250
193
194
220
248
238
263
260
269
255
234
260
257
261
265
251
225
242
256
275
301
269
270
272
292
281
292
239
226
278
294
269
278
269
279
274
244
220
229
206
167
101
103
98
93
94
142
196
248
276
311
342
333
308
310
340
365
385
406
399
384
343
311
279
254
239
229
213
164
121
94
92
88
99
120
150
192
253
318
373
376
364
350
332
294
254
223
194
171
151
165
174
196
234
263
286
271
254
289
338
359
384
374
327
282
257
259
244
220
213
206
207
213
204
194
197
212
238
256
261
249
255
272
276
251
234
218
205
216
251
270
257
258
275
290
288
286
281
264
239
221
232
238
240
237
237
230
224
230
234
226
230
237
236
232
238
265
279
290
297
303
281
275
285
281
293
283
272
282
282
268
271
260
255
261
250
242
237
230
221
225
226
221
211
201
210
235
264
275
280
267
260
271
286
276
266
266
275
265
249
239
236
243
247
246
244
244
253
251
249
251
253
240
232
233
234
245
257
247
246
240
231
248
250
233
231
228
220
238
241
266
297
306
298
302
285
253
260
276
283
289
288
295
295
299
301
304
269
190
141
113
100
97
129
179
217
237
243
255
272
313
361
386
398
390
361
307
243
182
154
144
163
204
244
272
288
286
275
252
236
228
232
247
260
267
266
272
276
273
270
252
238
240
243
246
253
245
247
260
246
241
230
227
232
229
235
252
244
248
244
246
248
257
263
281
283
273
265
256
245
241
231
239
238
248
241
231
232
239
247
251
249
248
255
260
261
260
256
252
256
254
252
233
238
255
263
267
266
255
261
266
269
268
253
253
231
221
205
205
202
209
216
224
237
254
262
277
275
268
280
275
270
267
262
261
253
256
257
247
239
233
220
233
236
236
248
248
232
244
231
231
248
245
247
239
242
258
264
263
265
261
268
271
261
235
218
201
227
244
251
245
249
253
264
251
250
255
254
265
260
245
239
237
255
270
265
253
254
262
273
260
232
234
244
236
240
230
240
249
263
273
258
252
248
248
243
243
245
252
262
264
265
256
255
253
252
264
251
246
248
245
251
234
222
224
217
220
227
245
259
275
272
255
242
249
258
276
285
312
316
227
199
236
226
242
283
290
281
240
204
177
206
212
218
213
241
288
298
257
239
228
207
253
245
257
254
246
241
264
265
299
308
329
312
285
257
224
213
226
240
246
245
207
214
205
197
212
228
244
241
242
216
225
222
250
267
246
255
246
251
260
255
272
286
290
277
265
254
250
272
278
281
268
286
303
292
272
238
212
238
213
159
121
102
94
94
88
97
163
249
318
359
388
384
352
308
294
324
370
385
390
407
390
318
237
177
167
190
208
220
212
175
122
91
88
111
142
177
215
258
297
324
329
337
341
314
273
251
238
219
190
189
210
242
256
252
241
255
280
288
297
307
311
320
299
270
255
228
203
200
205
196
178
195
226
249
283
291
260
260
278
273
269
252
239
251
253
255
261
261
258
253
230
237
269
286
254
218
214
228
248
268
276
273
273
269
258
248
228
205
222
219
206
218
232
259
281
283
267
260
266
279
270
252
268
277
250
207
213
266
301
313
295
268
257
241
226
227
224
232
237
218
204
216
236
234
224
247
275
264
259
276
276
256
246
251
265
261
252
269
294
273
230
251
292
243
187
201
232
233
224
227
234
253
232
218
256
256
227
226
229
239
276
285
254
220
235
260
253
238
226
244
325
339
219
220
300
308
278
304
331
280
250
287
325
336
268
154
130
161
155
144
136
116
139
170
199
229
249
273
337
351
327
338
315
268
261
252
238
246
241
234
242
270
268
243
228
202
195
216
257
297
290
289
284
258
264
271
254
215
214
242
244
235
230
246
252
242
219
211
251
283
288
271
255
216
233
284
263
208
202
251
229
219
242
287
285
241
230
257
289
251
231
251
269
233
215
209
208
257
273
280
276
285
267
246
253
259
275
259
225
226
213
202
224
262
264
243
245
272
258
298
300
283
299
261
222
224
261
246
180
185
221
226
193
236
269
248
248
265
278
273
278
271
243
242
230
231
274
270
248
248
259
246
264
283
246
219
218
222
243
271
262
256
284
255
222
262
300
283
242
211
230
297
282
208
189
201
261
244
203
243
291
302
253
249
258
218
222
246
247
228
231
245
249
249
270
261
244
247
259
264
296
281
220
234
250
251
267
294
294
298
260
214
201
222
233
243
218
263
296
254
259
284
283
241
253
245
228
196
179
238
258
217
259
315
351
352
270
197
234
290
250
183
192
183
189
239
313
272
268
278
240
188
159
199
319
328
220
199
255
289
286
262
269
294
295
247
233
223
226
268
262
282
276
189
170
221
230
265
306
274
322
360
279
243
252
267
264
240
96
93
90
88
90
143
194
212
189
209
218
223
247
279
371
407
408
408
401
378
365
356
326
308
303
272
231
193
170
140
110
117
150
158
162
168
197
259
297
273
252
258
251
237
239
240
246
241
235
249
247
225
219
210
209
235
276
307
324
317
292
290
305
330
330
289
258
243
230
233
247
244
224
219
228
228
225
247
246
224
238
269
261
237
243
264
277
258
228
213
207
217
235
243
249
251
255
251
250
247
244
247
253
249
255
267
266
238
222
241
258
240
225
232
241
260
273
269
266
269
268
275
270
271
268
250
231
223
234
260
277
271
258
242
223
221
229
243
246
227
225
248
261
270
272
273
265
254
240
244
258
255
252
258
263
256
257
253
245
225
241
250
227
219
248
280
274
233
211
221
254
272
273
248
228
236
246
248
244
251
248
237
226
216
237
266
269
272
279
246
214
231
267
311
332
317
299
273
263
277
256
204
187
205
194
168
203
258
242
185
178
215
237
256
271
287
306
313
287
258
280
307
301
281
265
253
243
217
194
202
200
217
235
248
267
274
267
263
252
263
278
267
247
232
241
237
240
232
205
224
254
269
247
209
235
293
286
236
228
273
301
267
260
265
253
237
241
258
255
225
206
224
234
213
203
216
246
254
265
276
247
216
227
261
279
261
240
269
267
253
262
269
259
241
244
256
254
260
271
272
261
270
254
258
257
244
246
265
258
282
268
226
216
246
264
246
229
247
254
244
222
246
271
250
234
247
260
249
244
240
269
282
262
254
265
267
244
227
232
249
240
236
231
204
230
261
238
229
261
246
240
247
231
217
236
256
271
271
262
241
239
258
273
261
244
255
278
284
262
241
258
258
274
272
259
261
275
279
288
289
266
258
267
242
223
241
244
226
220
231
242
257
261
228
231
262
248
182
150
169
173
177
217
262
271
260
220
208
231
264
269
275
270
244
236
244
286
293
273
283
253
219
187
235
368
405
370
267
194
178
202
247
239
245
269
306
315
309
285
265
255
251
259
240
174
152
175
140
102
123
126
159
202
219
223
225
262
311
312
328
400
406
406
402
389
388
408
405
393
331
241
160
102
88
91
125
147
145
154
161
168
186
210
245
254
237
238
254
260
264
281
274
236
189
171
177
197
214
222
243
278
301
328
348
350
331
303
301
316
314
281
261
242
220
214
225
242
234
216
240
263
251
230
224
224
229
238
244
255
262
264
250
237
232
234
238
227
221
249
269
252
223
220
240
247
257
265
262
278
279
242
214
214
224
234
255
261
250
247
283
314
310
277
242
234
245
226
205
233
243
227
239
256
240
252
290
306
304
265
216
218
236
242
239
252
267
261
251
251
264
274
271
243
229
249
260
250
239
243
261
251
221
230
239
223
210
219
248
271
280
281
261
231
240
244
233
213
208
242
283
263
241
236
268
279
263
205
203
261
278
252
245
242
225
232
225
205
226
267
281
275
267
267
265
276
274
254
238
204
213
256
252
232
222
234
223
207
236
271
269
293
320
295
266
244
226
220
226
249
260
257
250
244
237
241
245
257
249
242
238
261
283
293
278
239
226
243
271
270
269
256
257
259
255
267
254
233
241
258
252
243
253
265
262
226
207
231
250
233
229
235
251
253
244
246
251
252
222
212
229
233
238
248
296
345
297
221
220
221
217
255
268
256
235
217
231
243
263
283
297
287
244
231
267
292
275
269
242
242
256
266
254
247
237
240
283
297
268
215
207
232
232
205
194
210
248
249
218
200
226
240
253
281
268
251
268
269
252
239
227
229
224
239
247
225
233
259
280
280
266
263
264
257
234
203
214
229
227
216
211
247
260
257
254
239
234
255
254
252
260
269
275
253
254
294
305
283
269
280
283
299
318
312
252
212
221
229
235
213
188
175
186
216
210
212
210
198
212
238
236
246
252
259
284
287
271
285
277
278
277
267
249
202
210
255
249
219
230
251
267
267
252
255
281
273
274
300
264
240
247
239
237
202
181
196
194
223
207
160
180
243
286
275
242
244
271
311
365
409
407
405
406
397
369
307
236
178
132
105
93
110
131
151
180
207
224
234
247
259
270
274
265
253
240
243
257
235
195
166
156
178
184
179
200
246
304
360
385
399
384
339
319
307
283
258
243
248
254
242
204
180
174
189
206
221
227
246
270
260
245
226
216
216
231
245
251
256
255
230
218
219
181
89
95
225
353
405
407
392
351
294
234
185
164
164
185
200
222
249
260
265
265
266
260
253
245
238
235
232
238
249
255
269
289
306
314
292
254
240
242
232
211
188
197
224
245
246
252
272
281
277
266
254
244
236
240
248
249
233
231
252
257
250
234
227
244
263
260
241
229
238
257
260
251
245
248
245
233
229
239
251
253
254
244
235
238
241
245
249
259
257
243
189
152
263
358
355
300
258
241
220
194
177
187
211
235
260
296
297
261
242
272
323
339
316
294
268
217
182
189
190
205
199
194
204
214
263
305
292
268
251
255
256
230
220
232
250
277
290
284
280
276
276
275
260
250
244
237
228
235
239
230
219
215
228
229
226
230
242
257
257
261
273
276
271
264
254
233
221
225
243
249
230
217
226
241
261
251
236
224
220
215
237
245
243
247
237
237
262
283
288
264
282
268
274
289
281
273
278
275
274
264
253
251
245
241
235
227
210
218
241
247
245
246
253
251
244
241
259
267
261
257
253
244
226
208
205
201
214
231
228
234
235
234
249
253
256
268
257
256
266
265
276
276
271
273
269
269
262
240
237
248
269
265
248
241
241
241
255
255
247
252
253
240
231
218
204
212
227
244
247
234
226
240
266
271
263
253
264
280
260
236
235
260
268
256
238
225
209
218
232
229
228
230
233
229
235
240
250
274
281
281
271
262
273
279
254
239
258
278
265
258
265
273
277
271
270
276
266
251
230
184
137
157
202
204
189
169
190
268
350
364
353
327
284
227
160
118
124
197
321
407
405
403
385
336
272
211
172
122
85
88
121
152
179
218
262
277
279
278
265
247
250
252
245
257
269
265
247
221
197
187
194
217
238
269
302
344
377
371
345
329
310
288
269
251
240
228
209
199
192
199
198
200
204
213
219
230
236
240
242
250
254
253
241
234
241
250
255
249
231
207
198
227
263
286
292
293
285
272
259
241
226
220
231
231
225
235
268
277
267
272
285
292
269
248
252
253
262
261
248
244
240
228
233
240
246
263
277
262
242
213
208
214
210
218
238
263
246
202
219
265
290
277
254
236
239
232
233
260
290
298
293
281
266
258
245
225
215
216
225
229
222
224
234
261
264
231
223
241
256
255
254
266
290
287
265
255
246
225
197
195
208
227
244
253
247
270
286
278
268
259
249
253
261
239
222
208
202
235
278
299
293
300
313
310
284
266
255
234
216
207
195
189
202
210
194
218
230
248
254
246
255
262
275
298
306
308
291
268
247
236
224
210
203
212
224
236
250
257
253
242
245
258
253
256
258
262
272
273
267
256
247
250
239
211
203
220
227
235
249
264
267
259
256
265
268
244
223
231
251
266
273
279
268
256
247
241
240
239
235
226
224
228
226
210
197
201
217
223
237
243
253
257
267
276
281
280
276
271
250
241
244
248
260
263
259
269
262
254
255
252
252
245
232
229
234
244
260
267
279
279
251
220
197
192
205
221
238
260
270
274
269
259
262
253
251
239
228
237
254
275
283
279
264
261
263
264
246
219
218
231
230
214
205
199
225
253
266
288
283
285
285
271
246
231
232
248
263
284
302
294
277
257
247
245
240
226
224
241
225
231
225
222
238
234
242
248
238
227
223
231
254
286
305
285
251
240
238
227
215
220
232
239
249
266
252
227
226
241
235
213
210
238
250
272
283
300
322
339
339
307
258
220
216
285
402
407
404
389
338
272
190
119
89
89
